25,1
25,3
33,1
33,3
35,1
35,3
28,3
0,273
0,270
3,2
3,1
3,3
10,196
10,166
10,118
10,136
10,12
10,224
10,290
10,1
10,238
10,2
10,3
11,26
11,8
11,4
11,14
11,22
11,1
11,28
11,2
11,3
9,7
9,6
9,1
9,4
9,2
9,3
8,16
8,15
8,13
8,9
8,14
8,1
8,4
8,2
8,3
12,2
12,1
12,3
20,2
20,1
20,3
19,2
19,1
19,3
48,4
48,3
48,2
48,1
18,1
48,0
18,3
47,3
47,2
47,1
47,0
46,3
46,2
46,1
46,0
14,1
45,5
14,3
45,4
45,3
13,1
45,2
13,3
45,1
45,0
44,4
44,3
44,2
44,1
44,0
42,5
42,4
42,3
42,2
42,1
42,0
39,5
39,4
39,3
39,2
39,1
39,0
37,5
37,4
37,3
37,2
